101
101
101
101
101
101
102
102
102
104
103
104
104
103
104
105
106
107
107
109
111
110
114
114
116
115
117
117
118
118
118
119
118
119
119
119
120
120
121
121
122
123
122
123
123
124
125
125
125
125
127
127
129
128
130
131
131
131
131
131
132
132
134
133
134
134
134
134
134
134
134
134
134
134
134
135
135
137
140
140
140
141
141
145
145
145
145
146
146
148
147
148
149
148
149
149
3798
28412
11323
152
153
153
155
155
24757
3644
155
155
10463
15527
155
155
156
21658
157
158
158
158
158
159
159
159
160
164
165
165
166
169
166
170
170
173
174
175
175
176
176
176
178
176
25404
178
179
185
185
188
191
193
193
194
194
197
196
198
199
200
200
202
201
203
205
207
207
208
208
211
212
212
215
218
24945
218
220
225
227
227
228
235
236
239
240
242
245
245
251
250
251
254
257
258
40107
262
259
263
263
263
264
269
113791
42347
104387
269
270
270
271
272
272
283
283
289
290
292
294
296
296
298
299
304
305
306
312
316
319
319
329
325
335
336
341
342
362
373
373
365
378
383
386
380
430
417
411
432
451
456
464
491
489
491
473
496
504
512
536
512
548
584
584
543
620
632
691
633
695
838
931
978
770
729
781
1339
808
1101
1130
177644
1795
1172
1047
2311
2809
2254
2770
1667
3231
2314
3699
6173
1609
17508
3603
3402
1880
1919
1606
2709
1762
4862
2823
7929
1973
2231
14623
21657
19194
5354
11802
22918
224441
298217
363830
660164
1031203
1154134
